SampleLog(xTrain=Array([[ 0.00944206,  0.11592349,  0.927641  ,  0.62659603],
       [ 0.01877115,  0.12207748,  0.93764466,  0.60409755],
       [ 0.02819643,  0.12801142,  0.9463715 ,  0.58228636],
       ...,
       [-0.2482403 , -0.30056834, -0.6129715 , -0.49958256],
       [-0.25427526, -0.30551305, -0.5938102 , -0.48928097],
       [-0.26011696, -0.31035691, -0.57395107, -0.4792263 ]],      dtype=float32), 
       xTrainExtra=(None, Array([[-0.12592296,  0.03880296, -0.40274292,  0.08627043],
       [ 0.48985258,  0.4340364 , -0.06291747,  0.19517285],
       [-0.34731567, -0.37028724,  0.3100605 , -0.1603951 ],
       ...,
       [ 0.30958915, -0.13027032,  0.16509905,  0.4555132 ],
       [ 0.10085189, -0.05493274, -0.20712048, -0.5722471 ],
       [ 0.40492225, -0.45048907, -0.20020567,  0.4059909 ]],      dtype=float32)), 
       uTrain=None, xnextTrain=Array([[[ 0.01877115,  0.12207748,  0.93764466,  0.60409755],
        [ 0.02819643,  0.12801142,  0.9463715 ,  0.58228636],
        [ 0.03770088,  0.1337299 ,  0.9537745 ,  0.5612418 ],
        ...,
        [-0.25427526, -0.30551305, -0.5938102 , -0.48928097],
        [-0.26011696, -0.31035691, -0.57395107, -0.4792263 ],
        [-0.26575664, -0.3151016 , -0.55343056, -0.46939993]],

       [[ 0.02819643,  0.12801142,  0.9463715 ,  0.58228636],
        [ 0.03770088,  0.1337299 ,  0.9537745 ,  0.5612418 ],
        [ 0.04727464,  0.1392432 ,  0.959818  ,  0.5410224 ],
        ...,
        [-0.26011696, -0.31035691, -0.57395107, -0.4792263 ],
        [-0.26575664, -0.3151016 , -0.55343056, -0.46939993],
        [-0.27118635, -0.3197481 , -0.53228515, -0.45978254]],

       [[ 0.03770088,  0.1337299 ,  0.9537745 ,  0.5612418 ],
        [ 0.04727464,  0.1392432 ,  0.959818  ,  0.5410224 ],
        [ 0.05690198,  0.14455871,  0.9644648 ,  0.52169514],
        ...,
        [-0.26575664, -0.3151016 , -0.55343056, -0.46939993],
        [-0.27118635, -0.3197481 , -0.53228515, -0.45978254],
        [-0.27640268, -0.3243002 , -0.5105418 , -0.4503441 ]],

       [[ 0.04727464,  0.1392432 ,  0.959818  ,  0.5410224 ],
        [ 0.05690198,  0.14455871,  0.9644648 ,  0.52169514],
        [ 0.06656573,  0.14968391,  0.9676826 ,  0.5033227 ],
        ...,
        [-0.27118635, -0.3197481 , -0.53228515, -0.45978254],
        [-0.27640268, -0.3243002 , -0.5105418 , -0.4503441 ],
        [-0.28139797, -0.32875797, -0.48823863, -0.44106233]],

       [[ 0.05690198,  0.14455871,  0.9644648 ,  0.52169514],
        [ 0.06656573,  0.14968391,  0.9676826 ,  0.5033227 ],
        [ 0.07625656,  0.15463136,  0.969446  ,  0.48594573],
        ...,
        [-0.27640268, -0.3243002 , -0.5105418 , -0.4503441 ],
        [-0.28139797, -0.32875797, -0.48823863, -0.44106233],
        [-0.2861688 , -0.3331244 , -0.4654043 , -0.4319073 ]]],      dtype=float32), 
        lowU_train=Array([-0.514, -0.514, -0.3  , -0.3  ], dtype=float32), highU_train=Array([0. , 0. , 0.3, 0.3], dtype=float32), xTest=Array([[-0.16227277, -0.1328047 ,  0.5984416 , -0.5556932 ],
       [-0.15617666, -0.13840616,  0.6164858 , -0.5605278 ],
       [-0.14990865, -0.14404424,  0.63270897, -0.56295675],
       ...,
       [-0.23040651, -0.4397499 ,  0.25775564,  1.2075537 ],
       [-0.22781597, -0.4274302 ,  0.2587219 ,  1.2480541 ],
       [-0.22521372, -0.4147118 ,  0.26015493,  1.2869701 ]],      dtype=float32), 
       xTestExtra=None, uTest=None, xnextTest=Array([[[-0.15617666, -0.13840616,  0.6164858 , -0.5605278 ],
        [-0.14990865, -0.14404424,  0.63270897, -0.56295675],
        [-0.1434871 , -0.1496941 ,  0.6470652 , -0.56292313],
        ...,
        [-0.22781597, -0.4274302 ,  0.2587219 ,  1.2480541 ],
        [-0.22521372, -0.4147118 ,  0.26015493,  1.2869701 ],
        [-0.22259393, -0.40161157,  0.26212695,  1.324186  ]],

       [[-0.14990865, -0.14404424,  0.63270897, -0.56295675],
        [-0.1434871 , -0.1496941 ,  0.6470652 , -0.56292313],
        [-0.1369311 , -0.15533122,  0.6595182 , -0.5603851 ],
        ...,
        [-0.22521372, -0.4147118 ,  0.26015493,  1.2869701 ],
        [-0.22259393, -0.40161157,  0.26212695,  1.324186  ],
        [-0.21995163, -0.38814703,  0.2647112 ,  1.3595872 ]],

       [[-0.1434871 , -0.1496941 ,  0.6470652 , -0.56292313],
        [-0.1369311 , -0.15533122,  0.6595182 , -0.5603851 ],
        [-0.1302598 , -0.1609302 ,  0.6700421 , -0.5553131 ],
        ...,
        [-0.22259393, -0.40161157,  0.26212695,  1.324186  ],
        [-0.21995163, -0.38814703,  0.2647112 ,  1.3595872 ],
        [-0.21728006, -0.37433642,  0.2679809 ,  1.3930609 ]],

       [[-0.1369311 , -0.15533122,  0.6595182 , -0.5603851 ],
        [-0.1302598 , -0.1609302 ,  0.6700421 , -0.5553131 ],
        [-0.12349272, -0.16646545,  0.6786212 , -0.5476944 ],
        ...,
        [-0.21995163, -0.38814703,  0.2647112 ,  1.3595872 ],
        [-0.21728006, -0.37433642,  0.2679809 ,  1.3930609 ],
        [-0.21457182, -0.36020088,  0.27200767,  1.4244974 ]],

       [[-0.1302598 , -0.1609302 ,  0.6700421 , -0.5553131 ],
        [-0.12349272, -0.16646545,  0.6786212 , -0.5476944 ],
        [-0.11664926, -0.17191161,  0.6852504 , -0.53752977],
        ...,
        [-0.21728006, -0.37433642,  0.2679809 ,  1.3930609 ],
        [-0.21457182, -0.36020088,  0.27200767,  1.4244974 ],
        [-0.21181929, -0.34576067,  0.27686206,  1.4537877 ]]],      dtype=float32), 
        lowU_test=Array([-0.514, -0.514, -0.6  , -0.6  ], dtype=float32), highU_test=Array([0.514, 0.514, 0.6  , 0.6  ], dtype=float32), env_name='double_pendulum', env_extra_args=None, m_rng=None, seed_number=101, qp_indx=None, qp_base=None, n_state=4, n_control=0, actual_dt=0.01, disable_substep=(False, [1, 5, 10, 20, 100], 300), control_policy=None, n_rollout=5)